seed=16, lr=4e-05, wd=4e-06, best_loss=0.025723759084939957, epoch=601
seed=14, lr=4e-06, wd=2e-05, best_loss=0.0432048924267292, epoch=318
seed=4, lr=9e-05, wd=9e-06, best_loss=0.025627322494983673, epoch=716
